Initial matrix
[[1.0, 2.0, 3.0, 4.0], [5.6, 3.1, 8.1, 2.1], [-3.0, 4.1, 51.0, -3.0], [5.0, 6.0, -2.0, -0.56]]
Final matrix
[[1.0, 5.6, -3.0, 5.0], [2.0, 3.1, 4.1, 6.0], [3.0, 8.1, 51.0, -2.0], [4.0, 2.1, -3.0, -0.56]]